10,116
10,131
10,106
10,177
10,291
10,148
10,169
9,4
9,6
9,2
9,3
8,13
8,9
8,15
8,10
8,12
8,8
142,3
142,2
142,1
142,0
141,5
141,4
141,3
141,2
141,1
141,0
140,3
140,2
140,1
140,0
139,4
139,3
139,2
139,1
139,0
138,6
138,5
138,4
138,3
138,2
138,1
138,0
20,3
20,2
20,1
19,3
19,2
19,1
17,3
17,2
17,1
16,3
16,2
16,1
15,3
15,2
15,1
12,3
12,2
12,1
11,30
11,29
11,28
11,27
11,26
11,25
11,24
11,23
11,22
11,21
11,20
11,19
11,18
11,17
11,16
18,1
11,15
18,3
11,14
11,13
11,12
11,11
14,1
11,10
14,3
13,1
11,9
13,3
11,8
11,7
11,6
11,5
11,4
11,3
11,2
11,1
10,314
10,310
10,309
10,307
10,306
10,305
10,273
10,246
10,223
