3,2
3,1
3,3
10,314
10,200
10,141
10,94
10,164
10,290
10,165
10,82
10,2
10,3
9,7
9,5
8,9
8,16
8,15
8,8
8,18
8,2
8,3
142,3
142,2
142,1
142,0
141,5
141,4
141,3
141,2
141,1
141,0
140,3
140,2
140,1
140,0
139,4
139,3
139,2
139,1
139,0
138,6
138,5
138,4
138,3
138,2
138,1
138,0
20,3
20,2
20,1
19,3
19,2
19,1
17,3
17,2
17,1
16,3
16,2
16,1
15,3
15,2
15,1
12,3
12,2
12,1
11,30
11,29
11,28
11,27
11,26
11,25
11,24
11,23
11,22
11,21
11,20
11,19
11,18
11,17
11,16
11,15
18,1
11,14
11,13
18,3
11,12
11,11
11,10
11,9
11,8
11,7
14,1
11,6
11,5
14,3
11,4
13,1
11,3
11,2
13,3
11,1
10,310
10,307
10,306
10,305
10,303
